type= CRCAD_DesignCtl_BeamRC
comment= 辩D惮: 腹计-诩-程jや计
class= CRCAD_Table_Rebar_MaxCount
name= table-1
width=   25,   30,   35,   40,   45,   50,   55,   60,   65,   70,   75,   80,   85,   90
#3=
#4=
#5=   4,    4,    5
#6=   3,    4,    5,    6,    7
#7=   3,    4,    5,    5,    6,    7
#8=   3,    4,    4,    5,    6,    7,    8,    9,   10
#9=   2,    3,    4,    5,    5,    6,    7,    8,    9,   10
#10=   2,    3,    4,    4,    5,    6,    6,    7,    8,    8,    9,   10,   10,   12
#11=
#12=
#14=
#16=
#18=
class= CRCAD_Table_Rebar_MaxCount
name= table-2
width=   25,   30,   35,   40,   45,   50,   55,   60,   65,   70,   75,   80,   85,   90
#3=
#4=
#5=   4,    4,    5
#6=   3,    4,    5,    6,    7
#7=   3,    4,    5,    5,    6,    7
#8=   3,    4,    4,    5,    6,    7,    8,    9,   10
#9=   2,    3,    4,    5,    5,    6,    7,    8,    9,   10
#10=   2,    3,    4,    4,    5,    6,    6,    7,    8,    8,    9,   10,   10,   12
#11=
#12=
#14=
#16=
#18=
