type= CRCAD_DesignCtl_BeamRC
comment= 梁主筋表: 號數-最少支數
class= CRCAD_Table_Rebar_MinCount
name= table-min-1
width=                  25   30   35   40   45   50   55   60   65   70   75   80   85   90   95  100
row.num=12
row0   =  2800 #10  #3     2    2    2    2    2    2    2    2    3    3    3    3
row1   =  2800 #10  #4     2    2    2    2    2    2    2    2    3    3    3    3    3    3    3    3
row2   =  2800 #10  #5     2    2    2    2    2    2    2    2    3    3    3    3    3    3    3    3
row3   =  2800 #11  #3     2    2    2    2    3    3    3    3    3    4    4    4    4    4    4    5
row4   =  2800 #11  #4     2    2    2    2    3    3    3    3    3    4    4    4    4    4    5    5
row5   =  2800 #11  #5     2    2    2    2    3    3    3    3    3    4    4    4    4    4    5    5
row6   =  4200 #10  #3     2    2    2    2    3    3    3    3    3    4    4    4    4    4    5    5
row7   =  4200 #10  #4     2    2    2    2    3    3    3    3    3    4    4    4    4    4    5    5
row8   =  4200 #10  #5     2    2    2    2    3    3    3    3    3    4    4    4    4    4    5    5
row9   =  4200 #11  #3     2    2    2    2    3    3    3    3    3    4    4    4    4    4    4    5
row10  =  4200 #11  #4     2    2    2    2    3    3    3    3    3    4    4    4    4    4    5    5
row11  =  4200 #11  #5     2    2    2    2    3    3    3    3    3    4    4    4    4    4    5    5

